3240
0180
0457
0815
3220
0866
0475
1311
1284
1369
1415
3656
0380
1725
3011
0773
0232
2612
0052
2462
0547
2187
2271
0388
0103
3548
2459
2812
0274
0846
1201
1385
0304
1473
1689
0324
3158
2571
1167
1750
0167
0753
0447
1267
3193
0335
1736
1307
0674
1329
0200
1489
0997
0219
1683
0244
0531
0067
0003
0089
1347
0397
0115
1462
2297
0419
0037
0286
1403
0314
1259
0582
0869
1631
0717
3241
0179
0456
0813
0834
0474
1367
2705
1669
3222
0378
1724
0494
0772
1376
0508
0051
1430
1438
0079
3300
1676
2798
3664
1753
2796
0272
0844
1656
1350
0305
0652
1282
3156
0677
2189
1354
1722
0752
0446
1633
3523
0334
0014
1288
0651
0670
1022
0369
0199
1000
1759
1434
0218
0988
0862
0530
0066
1718
3195
0395
0114
1686
0039
0418
0979
1648
0974
0027
2328
3545
3360
2286
0603
1630
0709
1316
1382
0178
3303
0812
2135
0473
1429
0347
1013
1668
0696
1639
0377
3785
0771
0231
0507
0050
0251
0546
0077
3237
0387
0102
1545
0408
0808
0431
0271
3286
1655
0601
1617
0650
1281
1373
3663
1701
0165
0751
1627
0192
3561
1660
0017
0025
1287
1707
0669
0368
0201
0730
2399
0757
0243
0529
0065
1371
0586
0396
0113
1685
0417
2294
1647
1401
1664
0128
0581
0600
0151
0705
1342
2616
0455
3318
1310
1761
3637
0346
1667
1007
1766
2292
1322
0493
0770
0230
3224
0049
0047
1271
0545
0078
0562
2397
2810
0407
0807
0038
1684
0267
3644
1654
0602
1276
0020
3665
0323
3167
0673
1312
0164
0750
0445
0191
0466
1432
1734
3203
0353
1014
1709
0668
3214
0367
1638
0727
1018
0989
0216
0756
0242
0528
0064
0088
0585
0394
1457
1705
0041
0416
0035
0439
1646
0597
0631
2402
3212
1615
0599
0150
0691
1341
0177
2133
3433
0833
0472
0857
0345
1414
0697
0376
1321
0492
0229
0769
1548
0544
0076
3419
0386
0101
0406
0806
2293
0262
3641
2401
0303
0648
1620
3168
0672
1305
0162
1359
1749
1266
3327
0333
1286
3132
0666
1441
0197
3645
0861
0755
0501
2405
0527
0063
0002
0087
1479
0393
1629
1409
0786
1741
0438
2403
3759
2407
0971
0630
0312
0127
1253
0598
3235
2567
1339
2330
2741
0809
3672
3670
1764
1754
1716
0344
1622
3204
1587
1700
1320
0990
0228
0768
2963
0543
0075
3418
1459
0100
2188
0430
0805
1468
0984
0835
0975
0032
0294
0302
1306
1619
1769
0872
1304
0161
0749
1682
1265
3299
0332
0491
0026
1015
0292
3119
3552
0366
0198
1001
0998
0725
0215
0500
0241
0526
0060
0086
1299
1678
0112
1362
1740
5201
0285
0596
0628
1659
0125
1300
0149
0690
1338
0176
2432
2138
0832
0471
0856
0342
0359
3021
1295
0208
0991
1392
0227
0767
0248
0542
0074
3288
0385
2800
0404
0040
0803
0429
0260
0830
0981
1653
0976
0301
2335
0968
3662
1280
1771
3144
2312
0160
0748
1344
1264
3315
3541
0490
1016
1285
1389
1008
3201
0365
0196
3213
1643
1297
2464
0525
0061
0085
2611
0392
0111
3562
0777
2143
0864
1275
1451
1421
0313
0578
0148
0689
1559
3697
2404
3223
3643
3302
3642
1712
0343
0015
0358
3012
1004
1294
0207
0992
0744
0874
0766
1378
0541
0022
3211
2333
1675
2799
0405
0126
1427
0428
2398
3420
0033
1652
0300
2315
1388
1279
3544
3122
0613
1632
0747
1748
1263
1314
0464
1733
3698
0352
1687
1292
1710
3533
1268
0009
0720
1642
1419
0240
0524
0059
0083
2288
0391
0110
1396
1739
1765
0284
3117
0028
1303
1760
0576
1494
1424
1744
0175
1628
0796
2987
3215
3313
0341
1017
1291
0687
0375
0210
2334
0226
1426
1377
0540
0001
0073
3239
2355
0384
0099
3760
1738
0123
3298
0427
0259
1366
0859
1651
2136
3640
1422
2736
0322
3543
3006
1688
0159
0746
3010
1262
3295
0018
0331
1471
1662
3147
1009
3145
1672
0195
1003
0716
0214
0993
0498
0239
0523
0058
0084
1439
1379
0109
3142
0415
0437
0283
3116
1302
0311
0577
0870
1390
1336
0860
0454
1364
2311
3218
0854
2470
0016
1666
1585
1674
0209
0743
0225
0765
1407
0539
0072
0558
2327
3294
1756
0595
0403
0124
0042
3314
0426
1327
1365
1428
0293
0299
0642
2285
1618
0137
3124
0609
1261
1496
1747
0190
3296
0330
3289
0351
0643
1467
0011
0364
1775
0213
0497
0237
0522
0057
0082
0580
3547
0108
0044
0774
0414
1255
1743
1274
0029
1353
0309
2289
1160
3219
0641
1335
0174
0453
0794
1319
3666
2139
0849
0340
0023
1665
2209
0374
1413
0742
1375
1395
0247
0538
0071
0555
1331
3293
0097
1452
0402
1258
0043
0798
0425
0258
3231
1604
0291
1254
1657
1386
1614
0321
0140
3123
1313
1260
0741
1746
0189
3301
0019
3542
0488
0350
0663
1023
0363
3667
0048
1641
2298
0238
0521
0056
0081
0579
0390
0107
1393
3560
1742
0282
0624
0310
0969
2287
2466
0688
1476
1334
0173
1458
1599
0194
1460
1511
0847
0339
1290
2203
0373
2406
1391
0224
0764
1325
1298
0070
0554
1330
1368
0098
0594
0401
0122
0795
0424
1273
2801
1767
0290
0298
1773
0592
0320
0139
3007
0607
0158
0740
1626
1745
0188
2429
0329
0489
1661
0661
0362
1358
0212
2300
1269
0519
0055
1721
0575
1677
2414
1360
0413
1370
1002
0436
0279
0983
0977
1346
1301
1732
1576
1374
0684
1387
1333
0172
0452
2368
1637
3655
3202
2371
1758
0863
0356
0012
2206
1293
0206
1464
1436
1644
1361
0246
0537
1751
1345
0007
0383
0096
1349
1381
0121
1398
0423
2802
1755
0289
3635
0550
0640
1356
1278
1770
3236
1351
0157
1463
0760
1560
0186
3194
0328
3234
1713
2706
0660
1671
0710
2144
0994
0499
0236
0520
1719
1720
0257
1317
3200
1737
1456
0045
0761
0411
2803
0277
0030
0980
0865
1277
0570
0138
0685
0638
1332
0170
0451
2329
1636
2141
3221
0338
0355
2202
1673
0873
0739
1717
1394
1324
0536
3017
0553
0006
1624
0095
0593
1380
0119
1397
1680
1466
0853
0288
0297
0639
0589
0319
3639
1582
0606
0868
1425
1343
0759
0185
3470
0327
0841
1418
0349
1010
0658
1670
1774
0211
0996
2400
0235
0776
0518
0054
0253
1257
0574
1730
0106
0410
2808
0276
0034
0978
0620
0551
0308
3165
0680
1355
3292
0171
0450
1363
1723
0826
1384
1431
1729
0354
0010
2205
0372
0205
0999
0738
0987
0223
0763
1270
0535
1412
0552
1512
0382
0094
1348
0400
0120
1461
1490
0422
0818
0852
0287
0296
0970
1420
0636
3297
0588
0317
3019
0664
3758
0155
3304
0758
1296
0184
1472
0871
0840
0484
1735
0659
3888
0699
1323
0496
0234
1309
0517
1435
1326
1256
0573
2317
1372
2805
0036
0434
2331
3582
1437
0655
0326
3166
2207
0637
0443
1318
3281
0449
0778
0193
1383
0337
1289
2204
0371
0204
2142
0221
0762
0245
0534
1411
0381
0092
1616
0399
3305
0788
0421
0851
2137
1731
0635
0130
0318
0587
0605
0154
3671
1417
0182
0459
0817
3290
3636
0858
0348
1714
0024
0013
0656
0360
1005
3699
1640
1011
1564
1727
1308
0513
1410
3216
0549
0118
0572
0389
0105
1757
0814
0986
0985
0433
3769
0031
1352
0307
0653
0325
3161
2208
3217
1772
0169
1433
2186
1635
0469
1658
1621
1012
1423
0370
0203
3361
0222
1752
1728
0533
0069
0379
0091
0591
0398
0117
3669
0420
0850
1408
1650
0972
0295
0316
1495
1399
1405
0584
0604
0153
3679
1416
1634
0458
0816
2364
3312
0476
2363
1328
0361
1763
1726
0495
0233
0775
0514
0053
1272
0548
0080
0571
3546
0104
0409
0811
0432
3016
0845
3013
0306
3638
1283
3162
0678
0627
3287
0168
0754
0448
3563
0467
0336
1663
0662
1708
0675
1623
0202
0735
0220
1625
1645
0532
0046
0068
0090
0590
1679
0116
3291
2321
1649
0634
0315
0129
0583
2318
0152
0721